день 1 2 4 8 13 15 17 18 24 30 45 46 48 50 56 57 68 69 70 81 82 84 85 89 93 97
стака 1
грудь 1 43 95 100
идея 1 68
хотеться 1 30 33 41 80 97
бумбокс 1
упомянуть 1 10 30
корона 1
капля 1 44 76
пикси 1
рэп 1 3 5 6 8 10 12 15 16 17 18 19 20 22 23 24 26 28 29 32 33 34 36 37 38 41 42 43 47 49 50 51 52 57 60 62 63 66 68 69 70 71 73 74 75 76 77 78 79 82 84 90 98 99
оказаться 1 3 68 76 81
рядом 1 10 11 15 29 34 37 46 48 56 76 84
скоро 1 19 35 41 56 87 97
эй 1 2 4 10 19 20 24 30 33 56 59 63 66 69 74 75 78 84 93 96
свой 1 2 4 5 6 19 23 24 29 33 34 38 39 40 42 49 52 53 56 58 67 68 69 70 73 80 89 91 93 97 99
буд 1 10 69
седьмой 1 3
максимально 1
девчонка 1 46
русский 1 2 3 4 5 6 7 8 9 10 11 12 13 14 15 16 17 18 19 20 21 22 23 24 25 26 27 28 29 30 31 32 33 34 35 36 37 38 39 40 41 42 43 44 45 46 47 48 49 50 51 52 53 54 55 56 57 58 59 60 61 62 63 64 65 66 67 68 69 70 71 72 73 74 75 76 77 78 79 80 81 82 83 84 85 86 87 88 89 90 91 92 93 94 95 96 97 98 99 100
записать 1 29 39
полюбить 1 2 10 34
присутствие 1
думать 1 2 3 7 10 14 16 17 23 29 30 32 39 42 46 49 53 59 64 70 71 73 81 82 83 85 86 92 97
больно 1 5 6 7 89
цвет 1 6 32 73
чарт 1 11 20 43 84
релиз 1 2 10 11 20 43 51 52 61 68 86 89 91 97
попасть 1 2 3 5 11 14 20 42 43 84 85 95
спустя 1 58 67 97
один 1 7 13 18 20 23 30 40 41 48 54 58 67 76 78 82 83 87 94
остаться 1 2 3 18 29 30 33 35 37 40 42 45 47 74 76 78 98 100
поэтому 1 74
этот 1 3 4 6 19 29 34 39 42 53 58 62 68 70 80 84 87 90 95
хотеть 1 2 3 4 5 6 7 10 11 12 13 14 15 16 17 18 20 21 22 23 25 27 28 29 31 32 33 34 35 36 37 38 39 41 42 44 47 49 50 51 52 53 56 57 58 59 60 61 62 64 66 69 70 74 77 78 79 80 81 82 83 86 87 88 89 90 91 92 96 97 99 100
концерт 1 61 88
обращаться 1
играть 1 3 11 18 23 62 91 96 99
вино 1 46
простить 1 7 14 29 30 41 52 78 97
аудитория 1 67
ветер 1 4 32 69 70
глаз 1 2 4 6 14 20 21 22 23 25 28 29 32 34 35 37 40 42 43 46 47 49 51 55 57 61 69 70 72 73 77 78 82 86 90 94 95 96 97
выход 1 7 19 30 68 69 84
инстаграм 1 29 60 86
ублюдок 1
искать 1 12 14 17 21 30 31 46 52 59 68 76 89 92 93 100
это 1 2 3 4 5 6 7 10 11 12 16 17 18 19 20 22 23 24 25 26 27 28 29 31 32 33 34 35 36 37 38 39 43 46 47 48 49 50 52 53 56 57 58 63 64 65 66 68 69 70 73 74 75 76 77 78 79 80 81 82 83 84 85 86 89 90 91 92 93 95 96 97 98 99 100
темно 1 63 79 99
смочь 1 7 10 38 76 78 94 96
ахуй 1
первый 1 2 6 8 10 16 19 20 30 34 38 45 55 57 59 60 61 67 76 77 86 96 97 98
обложка 1 2 15 19 35 52 69 95
связь 1 74 85 93
убить 1 2 13 24 29 41 48
делать 1 8 10 16 17 18 19 27 28 29 34 35 49 52 58 60 63 68 76 79 80 84 88 99
сделать 1 2 11 12 16 19 20 21 23 26 28 29 33 34 46 47 56 57 58 61 63 68 76 77 93 99
дом 1 3 10 19 25 30 31 35 36 38 46 52 55 57 74 78 84 88
майот 1
суметь 1 11 20 43 70 84
лина 1 4 10 65
сильный 1 8 9 68
осознать 1 5
пожаловать 1 89 97
малина 1
квадратный 1
наручник 1 60
женский 1
быстрый 1 29 46 68
бокал 1 28 46
немного 1 7 10 29 56 81 87
растение 1
неожиданный 1 82
тщ 1 69
данный 1 2 3 10 14 30 34 51 77
зелень 1
отличие 1
наполнить 1 70
стакан 1 19 40 66
выпечка 1
поздно 1 55 70
вдыхать 1 41 47 68 69
трэп 1 3 8 10 12 16 17 19 20 22 24 26 28 32 33 34 37 42 43 46 47 49 50 51 52 57 63 66 69 70 73 74 76 77 78 79 82 90 96
впервые 1 61
сильно 1 5 6 10 17 19 23 25 42 82 89 90 97 99
надежда 1 13 16 66 69
вдых 1
угорать 1 17
маг 1
взгляд 1 5 6 23 37 51 57
декабрь 1 10 19
гиперпоп 1
дерзить 1 27
помогать 1 10 18 97
текст 1 2 3 4 5 6 7 8 9 10 11 12 13 14 15 16 17 18 19 20 21 22 23 24 25 26 27 28 29 30 31 32 33 34 35 36 37 38 39 40 41 42 43 44 45 46 47 48 49 50 51 52 53 54 55 56 57 58 59 60 61 62 63 64 65 66 67 68 69 70 71 72 73 74 75 76 77 78 79 80 81 82 83 84 85 86 87 88 89 90 91 92 93 94 95 96 97 98 99 100
саундклаудовский 1
фоточка 1 9
песня 1 2 3 4 5 6 7 8 9 10 11 12 13 14 15 16 17 18 19 20 21 22 23 24 25 26 27 28 29 30 31 32 33 34 35 36 37 38 39 40 41 42 43 44 45 46 47 48 49 50 51 52 53 54 55 56 57 58 59 60 61 62 63 64 65 66 67 68 69 70 71 72 73 74 75 76 77 78 79 80 81 82 83 84 85 86 87 88 89 90 91 92 93 94 95 96 97 98 99 100
сердечко 1 26 85
мясо 1
тип 1 3 17 38 59 76
растерять 1
исполнить 1 47
бридж 1 4 5 6 9 10 11 13 16 18 19 20 22 27 32 34 36 40 41 45 53 55 60 64 67 69 71 75 76 77 81 82 84 85 86 88 90 91 92 94 95 97 100
очень 1 3 8 17 21 24 26 30 32 33 34 35 40 50 51 66 74 76 77 79 87 90 97
возглас 1
занять 1 10 11 20 43 78 84 99
рассказывать 1 14 58 97
неважно 1 5 26
щель 1
такой 1 8 13 17 18 25 30 35 36 42 60 66 68 75 79 84 89 98
человек 1 2 10 16 18 32 38 43 56 59 63 74 81 82 88 89 92
например 1 10 97
россия 1 2 3 4 5 6 7 8 9 10 11 12 13 14 15 16 17 18 19 20 21 22 23 24 25 26 27 28 29 30 31 32 33 34 35 36 37 38 39 40 41 42 43 44 45 46 47 48 49 50 51 52 53 54 55 56 57 58 59 61 62 63 64 65 66 67 68 69 70 71 72 73 74 75 76 77 78 79 80 81 82 83 84 85 86 87 88 89 90 91 92 93 94 95 96 98 99 100
композиция 1 14 42
припев 1 3 4 5 6 7 8 9 10 11 12 13 14 15 16 18 19 20 21 22 23 24 25 26 27 28 29 30 31 32 33 34 36 37 38 39 40 41 42 43 44 45 46 47 48 49 50 51 52 53 54 55 56 57 58 59 60 61 62 63 64 65 66 67 68 69 70 71 72 73 74 76 77 78 79 80 81 82 83 84 85 88 89 90 91 92 93 94 95 96 97 98 99 100
фью 1 10 18 19
голос 1 6 12 32 37 39 52 61 100
слабый 1
буда 1 10
капа 1
место 1 5 11 20 26 38 43 45 63 76 78 84
ещё 1 7 10 13 18 19 24 26 28 29 30 34 38 48 53 56 57 58 60 67 68 70 77 78 79 83 89 93 100
куплет 1 2 3 4 5 6 7 8 10 11 12 13 14 15 16 17 18 19 20 21 22 23 24 25 26 27 28 29 30 31 32 33 34 35 36 37 38 39 40 41 42 43 44 45 46 47 48 49 50 51 52 53 54 55 56 57 58 59 60 61 62 63 64 65 66 67 68 69 70 71 72 73 74 75 76 77 78 80 81 82 83 84 85 86 87 88 89 90 91 92 93 94 95 96 97 98 99 100
провод 1 31 47 100
трек 1 2 3 5 10 11 14 15 16 17 19 20 25 26 29 30 37 43 51 56 58 61 67 68 69 74 77 82 84 85 86 87 90 91 97
знать 1 2 3 4 5 7 8 10 11 12 13 16 17 18 19 21 22 23 25 26 33 34 35 37 40 42 45 46 48 49 50 54 55 56 59 60 61 63 64 65 66 67 68 69 71 73 75 76 77 81 85 86 87 89 90 91 92 93 94 97
строчка 1
работа 1 8 34 68 69
сердце 1 6 7 19 21 27 33 40 44 45 58 62 65 67 79 80 85 87 89 93 96 97
красный 1 2 32 43 44 62 95
что 1 4 8 10 14 15 17 19 28 29 30 37 42 44 68 74 79 81 86 89 90 97
часть 1 17 32
хайперпоп 1 2 3 4 5 6 7 8 9 10 11 12 13 14 15 16 17 18 19 20 21 22 23 24 25 26 27 28 29 30 31 32 33 34 35 36 37 38 39 40 41 42 43 44 45 46 47 48 49 50 51 52 53 54 55 56 57 58 59 60 61 62 63 64 65 66 67 68 69 70 71 72 73 74 75 76 77 78 79 80 81 82 83 84 85 86 87 88 89 90 91 92 93 94 95 96 97 98 99 100
бросить 1 35 38 74 89
чужой 1 21 29 51 68
григорий 1
артём 1
пятый 1
быть 1 2 3 4 5 9 10 13 14 16 17 19 23 25 26 30 31 32 33 35 38 39 41 42 43 46 47 48 49 50 51 54 55 57 58 60 63 64 65 66 67 68 69 72 73 74 75 76 78 79 80 82 85 87 89 90 93 96 99
ка 1 4 7 35 40 46
щ 1 69
веселиться 1
дрейновый 1
стать 1 2 3 10 12 16 17 18 19 20 21 26 36 37 38 41 42 47 50 57 69 76 77 83 90 99
сайфер 1
пьяный 1
цифра 1 24 25 31 50 76
севентина 1
далеко 1 15 91 94
любимый 1 22 79
участник 1
яд 1 46 48 60 61 69
добро 1 89 97
выдыхать 1
интро 1 2 3 4 5 6 7 9 10 12 13 15 16 17 18 19 20 21 22 23 24 26 27 28 30 32 33 34 35 37 38 39 40 41 43 44 45 46 48 49 50 51 52 53 55 56 58 59 60 61 63 64 65 66 67 69 70 71 72 73 75 76 77 78 79 80 82 83 84 86 87 89 93 95 96 97 99 100
обидно 1
холод 1 2 30 31 41 57 72 87 89
мочь 1 2 5 6 7 10 11 12 13 14 16 17 18 23 26 31 33 36 39 46 48 51 57 59 61 66 67 68 70 74 76 78 79 81 82 83 85 86 89 90 91 92 96 97 99
поп 1 2 4 5 7 9 10 11 13 14 16 17 18 19 21 23 25 26 29 30 31 34 35 36 38 39 40 41 43 44 45 48 50 53 54 55 56 57 58 59 60 61 62 64 65 67 68 70 72 76 77 80 81 82 83 84 85 86 87 88 89 91 92 93 94 95 96 97 98 99
бейджик 1
оля 1
блёсс 1
каждый 1 2 3 4 5 13 15 19 24 29 34 45 46 52 76 85 89
год 1 3 5 10 17 18 19 34 51 52 56 58 61 67 68 77 79 82 87 97
курить 1 4 6 17 21 26 33 34 50 59 69 85
другой 1 3 8 13 18 23 29 32 37 63 69 71 73 78 79 82
считать 1 6 45 47
слышать 1 4 6 12 17 20 23 38 39 47 48 61 69 79 80
твой 1 2 3 6 7 9 12 13 14 15 17 18 20 22 23 25 26 27 29 30 32 33 34 35 37 38 40 42 45 46 47 50 52 54 55 57 58 60 61 66 67 69 70 71 72 73 75 77 78 82 83 85 88 89 93 95 97 98 99
стрелка 1 49
мой 1 2 3 4 5 6 8 10 11 17 18 21 22 24 27 29 30 31 32 33 34 35 36 37 38 39 40 41 42 43 45 46 48 49 50 51 53 57 58 60 61 63 64 65 66 67 68 72 73 75 76 77 78 79 81 82 83 84 85 87 89 90 92 93 95 96 97 98 99 100
джонни 1
вахтер 1
маста 1
весьма 1
круча 1 28 49
сколько 1 20 33 45 47 52 56 58 79 82 93 100
город 1 32 38 62 69 89 95
мувов 1
душа 1 2 7 18 70 88
жанр 1 69
сингл 1 2 30 56 68
стаканчик 1
показать 1 5 30 49 86 91
бухой 1 60
кончиться 2 11 25
вокруг 2 10 26 65 68 97
бренд 2
рот 2 4 17 33 35 42 46 48 56 74 85
блок 2
снайпер 2
облизать 2 84
ешка 2
река 2 30 42
всё 2 4 5 7 9 10 12 13 14 16 17 18 19 20 21 24 25 26 28 29 31 34 36 37 38 46 47 48 49 50 51 52 53 56 57 61 62 64 65 67 68 70 71 76 77 78 79 81 82 86 89 92 93 96 97 98 99 100
сольный 2
пешка 2
ты 2 5 6 8 10 11 13 16 17 18 24 25 26 27 29 30 31 32 33 37 38 40 42 47 48 50 52 54 55 56 58 60 61 62 63 66 67 69 70 71 72 76 78 79 80 82 83 88 89 91 92 93 97 98
оружие 2 4
слепить 2
сравнение 2
м 2 19 26 33 36 42 52 60 66 89 97
товарищ 2
любовь 2 4 6 7 12 13 18 29 30 31 34 36 41 46 47 49 50 58 61 66 67 71 77 78 84 86 88 89 90 100
налить 2 70
настоящий 2 15 32 57
ести 2 59 92 100
молить 2
тишка 2 54
тор 2
повторить 2
хрюшка 2
лайтереть 2
овечка 2
взаправду 2
ишка 2
груз 2
именно 2 86
показаться 2 42
несколько 2 32 97
решка 2
ради 2 24 30 37
нравиться 2 3 76 81 92
холодное 2 4
взглянуть 2 21 80
парта 2 39
штаны 2 34 58 77
так 2 80
дть 2 68
молотый 2
версия 2 67
девочка 2 23 46 56 84 90 95
стол 2 34 77 82
кола 2 35
пойти 2 12 16 17 20 22 26 30 32 47 49 56 57 62 76 77 99
альтернативный 2 15 19 35 52 87
обыграть 2
круг 2 35 36 45 97 99
лететь 2 5 32 50 61 84
белый 2 25 34 39 45 47 58 63 66 77 84 86 87 100
нос 2 71 87
сижок 2
понять 2 4 12 17 18 23 46 49 51 66 68 70 86 89 90 97 98
мир 2 4 7 10 13 18 23 26 31 40 64 65 67 86 94 96
катакан 2
москва 2 61 88
снежок 2
двусмысленный 2
покраснеть 2
снаружи 2
надолго 2 37
поднять 2 17 18 60
дама 2
кока 2 35
муравей 2
кровать 2 17 25 32 34 37 49 54 63 66 69 94
фита 2
второй 2 34 77 86
молодой 2 10 19 30 32 84 88
кончить 2 7 90
ха 2 8 10 15 17 18 19 24 29 30 36 42 46 48 60 61 69 74 80 84 86 89 95 97
снег 2 56 59 81 92
стрелять 2
лежать 2 31 32 43 72
стиль 2 21 22 30 49 66 68
дед 2 60
наркоман 2
существовать 2 15 19 35 87
орех 2
вредный 2
выйти 2 3 4 6 21 29 30 34 47 51 56 68 77 82
нести 2 4 17 33 53 59
должный 2 4 8 33 40 52
орёл 2
плакать 2 4 33 48 68 74 78 93 97
лёд 2 7 27 28 29
перевыпускаться 2
двашка 2
светиться 2
нужно 2 10 19 32 42 45 58 59 65 68 70 75 90
паранойя 2 4 88 96
дядя 2 55 60
наркотик 2 12 56
чёс 2
забавный 2
холодный 2 7 8 96
цена 2 60
о 2
написание 2
доска 2 76
готовый 2 17 18 21 24 30 49 50 68 69
пацан 2 3 42 51 90
начаться 2
похуй 2 3 35 40 59 86 88 92
прямо 2 17 19 33 42 49 51 78 90
пока 2 27 68 70 73 83 88 90 92 97
выпасть 2
хуйня 2 17 56 59
аниме 2 5 6 17 28 37 46 95
увы 2 25 41
друг 2 11 13 16 24 25 26 27 40 57 58 60 71 83 87 89 95 97
альбом 2 10 11 20 30 51 56 68 86
голова 2 3 4 6 11 17 22 25 29 36 39 46 48 56 58 61 65 67 72 76 78 81 85 92 95 99
ялрс 2 8 18 19 40 42 43 45 48 50 51 52 54 56 57 59 61 63 64 65 66 67 68 70 71 72 75 76 77 78 79 82 84 86 87 88 89 91 93 94 97 100
башка 2 33 42 44 50 51 53 64 82 92 96
сказать 2 4 6 11 12 16 17 20 25 26 28 29 30 35 38 47 51 57 61 66 68 70 76 77 79 80 93 94 95 97 99
сахарный 2 36
нарисовать 2 4 20 45
повторюшка 2
оба 2 71
выглядеть 2 17 35 52 68 76 84 99
жертвовать 2
мы 2 3 6 13 14 18 19 26 32 39 42 45 47 61 74 78 81 86 87 88 89
похожий 2 66 76
её 2 3 4 7 8 10 17 18 21 23 25 28 29 32 33 34 38 39 40 42 45 46 49 51 52 55 59 61 69 72 73 76 77 78 79 80 86 89 90 91 99 100
рука 2 12 17 37 39 43 55 59 72 76 81 89 91 92 93 95 98 99
ебучий 2
речка 2 4
площадка 2 5 15 68
закинуть 2 5 39 83
мигом 2
смотреть 2 5 6 7 17 24 27 33 34 37 46 51 57 58 60 63 80 84 85 90 91
тройка 3
пиздец 3 29
постоянно 3 18
жить 3 10 31 36 41 49 59 79 85
стена 3 46 53 87 98
время 3 5 10 19 25 26 27 29 30 32 34 38 45 50 52 56 58 63 68 69 73 76 77 79 82 100
глотать 3
заходить 3
говорить 3 7 12 13 16 17 20 21 23 24 25 26 27 30 36 38 39 42 47 57 58 60 65 76 77 86 89 92 98 99
официальный 3 10 34 77
сперма 3
напиздеть 3
предлагать 3
ваш 3 12 17 18 56
пэйн 3 32 63 73 79 82
шесть 3 16 25 32 47 49 62 73 76 82 99
трап 3 19 32 63 73 79 82
кто 3 23 26 30 42 86 87
сюда 3 28 31 44 69 76 78
вполне 3
сирена 3
хуй 3 17 76 86
запомнить 3 6 32 63 70 73 79 82 91
физический 3 32 58 63 73 79 82
дать 3 4 6 8 10 14 19 21 31 32 39 42 43 49 51 60 61 63 66 67 69 73 79 82 89 90 92 97 100
планета 3 32 48 51 63 73 74 79 82 90 91
математика 3
сучка 3 34 65 77
делить 3 27
момент 3 5 6 18 50 82
давно 3 4 21 31 46 68 95 97
физикать 3 32 63 73 79 82
тимур 3 43
июнь 3 21 44 45 61 71 85
брат 3 97
проблема 3 26 27 29 40 45 50 53 58 62 88
бошка 3
меж 3
перевод 3 4 7 11 14 22 29 54 55 63 64 73 79 82 87
услышать 3 14 30 56 57 68 78 79 89
поехать 3
адекватно 3
боль 3 6 7 17 18 29 31 32 34 45 62 63 66 73 75 76 78 79 82 92 95 98 100
мало 3 21 38 49
аутро 3 5 6 7 8 10 11 14 15 17 18 19 20 24 26 27 29 31 32 36 38 39 41 42 43 47 52 53 60 61 62 64 67 70 71 74 75 76 81 86 87 88 90 94 95
длиться 3
небо 3 36 45 68 70 84
давать 3 6 10 11 13 14 17 19 21 29 39 43 44 46 49 50 51 54 55 56 59 60 64 74 78 81 82 87 91 92 95 98
грязь 3 10 13 46 63 69
ом 3 6 19 82
йей 3 32 63
осень 3 69 97
весь 3 17 18 19 29 30 35 45 50 54 55 56 61 78 80 83 89 90 97 99
просто 3 7 8 10 11 12 15 18 21 23 27 32 33 34 37 40 42 46 47 49 51 52 55 56 59 61 64 66 67 68 74 78 79 80 81 83 87 89 90 92 99 100
вина 3 34
ножка 3 40
клык 3
др 3 32 63 73 79 82
секс 3 20 32 33 34 51 52 63 73 77 79 82 90
хо 3 32 46 63 73 79 82
относиться 3
особо 3
мамэтотолькодляфото 3 67
комплект 3 32 63 73 79 82
бельё 3 32 63 73 79 82
пополам 3
хей 3 32 63 73 79 82
зуб 3 42 51 58
кап 3 65
общаться 3 40 43
бейбить 3 32 47 63 73 79 82
нога 3 8 12 22 51 86 91 97 99
наркота 3 41 62
близко 3 52 54
житель 3
видео 3 10 30 40 77
проникать 3
мигалка 3
десять 3 56
лишь 3 4 5 6 7 13 18 31 32 37 38 40 41 42 46 47 50 59 66 78 81 90 97
тёлка 3 17 66
карта 3
дохуй 3 11 53 92
ноль 3 10
вылизать 3
сейчас 3 17 19 26 42 43 44 49 50 51 56 59 60 66 73 78 79 99
деньга 3 9 19 21 24 28 32 33 46 49 59 69 82 88 97
забрать 3 6 14 33 40 46 66 67 78 86 88 96
звук 3 10
записывать 3 39
пол 3 25 26 28 30 43 49 56 57 59 69 81 82 87 92
зомби 3 32 47 63 73 75 79 82
умножить 3 78
музона 3 19
поровну 3
недавно 3 16 19
бля 3 4 15 17 21 28
хит 3 33 69
клип 3 5 14 30 34 66 77 82
закон 4
дешёвый 4 52 75
утонуть 4 17 18 69
будить 4
махать 4
рыдать 4
напалм 4
хуёво 4 56 96
колесо 4 70 89
нужный 4 7 13 16 21 23 27 32 40 41 42 46 47 49 50 58 65 78 79 82 84 93 96
вебок 4
число 4 50 66 68
фэйм 4
палма 4
дура 4 48 62 80
постприпев 4 14 23 31 53 61
имп 4
туда 4 28 31 96
хвостик 4
четыре 4 49 53 61 69 87
любить 4 6 12 13 15 16 20 21 24 26 27 33 34 42 46 47 50 52 57 58 62 64 69 71 72 76 77 80 88 89 92 93 96 97 99 100
идти 4 6 17 25 30 37 39 48 53 60 65 70 71 95
наплевать 4 39
желание 4 35 40
симп 4
сон 4 6 11 14 21 23 29 31 32 36 37 38 41 49 54 55 56 64 70 82 87 92 95 96
гарем 4
погулять 4
ес 4
наломать 4
дышать 4 17 47 48 80
сегодня 4 17 30 48 69 76 81 82 87 99
губа 4 38 39 42 45 48 84 95
суккуб 4
около 4 68
фонтан 4 17
выполнять 4
сука 4 6 10 17 19 23 28 30 33 35 42 44 46 56 85 88 92 93
жечь 4
па 4 24
сиг 4 62 64 85 87
модель 4 61
топ 4 11 20 28 30 43
снова 4 5 6 7 8 13 16 18 21 25 26 31 38 46 47 52 63 69 76 82 83 89 93 97 100
отношение 4 42 62 71 89
жвачка 4
надуть 4 48
писать 4 13 71 85 95 97
пята 4 53
кошкодевочка 4
дрова 4
открыть 4 10 25 42 46
э 4 17 23 27 28 30 44 49 76 90 96
дыра 4 21 22
преследовать 4
закрыть 4 21 23 78 94 96
мост 4 97
уснуть 4 6 7 29 30 39 44
пустота 4 14 22 31 48
потухнуть 4 45
костёр 4
пять 4 17 49 56 62
бить 4 94
она 4 8 16 18 23 24 33 44 49 76 78 90
внутри 4 6 19 31 34 40 60 61 77 97 98
заправлять 4
доделать 4 68
мяч 4
ждать 4 17 19 29 51 54 55 57 68 73 83
баскетбол 5
взрывной 5
колено 5 34 39 84 97
просьба 5
киёша 5
застывать 5
защита 5
команда 5
придумать 5 68 81 87
провал 5
куроко 5
палец 5 17 40
некоронованный 5
тяжко 5
верный 5
значит 5 11 49 61 65 91
данк 5
синий 5 43 52
цель 5
зак 5
перевязать 5
лето 5 26 36 40 69 88
сравнимый 5
увидеть 5 17 18 21 37 43 46 52 57 83 87 96 98
врасплох 5
паника 5
травма 5 19 32 46 58 98
платформа 5 8
пожелать 5 17
бремя 5
мидорим 5
сниппет 5
тец 5
полностью 5 22 23 72
победить 5
сам 5 10 16 18 19 20 32 49 52 54
скилла 5
гениальность 5
дайка 5
игра 5 18 22 24 46 66 89 96
намеренный 5
король 5
киса 5 36 43
властелин 5
точность 5
найти 5 7 13 14 17 18 30 36 37 46 70 82 83 89 91 100
любитель 5 15
несмотря 5 18
почему 5 9 13 18 23 27 30 44 53 54 68 86 89 100
точно 5 17 23 25 31 48 68 73 82
бросок 5
вдохновить 5 92 95
сила 5 17 67 89
пас 5
воин 5
шинтаро 5
поколение 5 30
мурасакибар 5
тикток 5 40 67 68 98
волос 5 12 32 38 72 95
получить 5 35 57 58
рёт 5
свысока 5
попадать 5 16 34
талант 5 10 34
отсылка 5
битва 5
удача 5
дуэль 5
множество 5
взлететь 5
аомина 5
приказ 5 18
напрягаться 5
вернуть 5 6 10 27 46 97
достойный 5 91
новый 5 7 17 25 26 29 45 58 71 73 78 84 88
перехватить 5
сдохнуть 5 48 80
засолить 5
дважды 5
мираж 5
сокрушить 5
поток 5
абсолютный 5
поддерживать 5 10
написать 6 34 68 77 80 83
койл 6
навсегда 6 7 13 16 17 23 29 37 46 57 59 76 83 86 93 94 96 98
закончить 6 20 56 68
чувство 6 10 13 14 20 27 40 47 62 67 82 89 98
затмевать 6
больной 6 29 52
мид 6
заглушить 6 81 98
блейда 6
мьюзик 6 9 33
край 6 55
метко 6
гон 6
погибнуть 6 50
заполнить 6
узнать 6 20 45 47 55 58 68
труп 6
страх 6 21 32 45 70 78 80
пробыть 6
куст 6
два 6 12 20 21 44 45 48 58 85 89
резать 6 95
комета 6
согревать 6
трамадол 6
успеть 6 16 26 57 68 70 80 82
грусть 6 10 57
псиблейда 6
океан 6 14 18 30 35
стоить 6 16 31 33 49 56 59 70
забыть 6 7 12 13 16 20 25 26 28 31 37 40 46 47 51 52 57 58 60 71 76 77 79 87 95 97 99 100
устать 6 21 25 27 35 72 89 97
схавал 6
крыша 6 7 29
повод 6 31 43 45 52 68 100
огромный 6 10 21
сладко 6
километр 6
союз 6 9 46
трапа 6
разбиться 6 46 59
полный 6 14 16 22 28 30 48 51 67
параноить 6
пачка 6 34 72 74
фрикс 6
жизнь 6 7 14 19 31 32 58 59 70 72 78 80 93 97
секунда 6 45
фото 6 12 40 69 72
смешаться 6
тот 6 13 17 18 23 25 28 32 33 45 46 51 53 56 59 63 66 67 68 69 70 80 82 86 87 89 90 91 97
превращать 7 18
ход 7
спрятать 7 17 34 77
вход 7
пройти 7 17 29 30 68 100
солнце 7 13 44 69 87
безнадёжный 7 29
эпизод 7 95
ва 7
ненависть 7 29 50 88
слеза 7 17 22 70 75 86 93 97 98
мно 7
пустой 7 14 21 25 27 30 47 62 67 69 97
най 7
сносить 7 29
гу 7
прятать 7 19 33 40
разбитый 7 11 71 75
бывать 7 14 52 54 58 70 97
манить 7 91
согреть 7 69 72
зима 7 29 41 43 59 87
ёд 7
з 7
лё 7
айсберг 7
ледяной 7
хината 7 29
слово 7 18 21 23 27 28 30 38 42 45 51 52 66 68 69 89 96
парень 7 33 51 73 74 87 90
самый 7 30 32 33 44 47 50 55 56 63 65 66 71 82 86
никто 7 30 34 52 55 87 91
вс 7
растопить 7
смысл 7 23 50 57 58 73
застылый 7
ода 7 31
ожидание 7 83
луна 7 13 22 29 33 42 46 88
найда 7
воздух 7 23 29 30 51 67 74 90
пра 7
аккаунт 7 29
видеть 7 8 10 12 16 20 23 25 29 32 34 35 36 37 40 41 42 45 46 54 58 60 66 68 70 72 76 77 79 82 86 91 93 95 96 99
одинокий 7 30 41
оставаться 7 49 86
сложно 7 52 81
удалённый 7 29
странно 7 29 30
подарок 8 16 60 82
подарить 8 18 32 49 78 88
влюбить 8 46
чатрулетка 8
иван 8 14 43
дорн 8
яу 8
мама 8 10 17 22 25 30 33 36 40 60 78 86 88 98
жожо 8
одноклассник 8
шея 8 32 49 60 62
дух 8 52
красивый 8 19 44 97 100
взорвать 8 33
северный 8
номер 8 58 70 71 76 78
целовать 8 58 60
отдать 8 23 33 67 78
ау 8 19 87
сияние 8
жалко 8 13 28
продвигать 8
вдвоём 8 76 80
рождение 8 69
безответно 8
пузатый 8 33 42 51 74 90
терпеть 8 61
долбоести 8
жопа 8 17 34
влюбиться 8 23 28 30 66
заработать 8 97
медиа 8
фон 8 31 68
везде 8 49
хата 8 33 36 42 51 69 74 90
вести 8 35 42 59 60 87 90
даша 8
трое 8
чокер 8
верить 8 17 19 23 27 58 66 69 71 89 93 97
стрим 8 30
блик 9 46
недосягаемый 9 83
пропадать 9
ле 9 38
улетать 9
предприпев 9 24 30 36 41 54 61 85 90 94 96 99
птица 9
ослеплять 9
ос 9 17
ки 9 88
ги 9
рана 9 11 21 69
китай 9
дождь 9 39 65 69 76 94
исчезать 9 17 26 51 74 90
лечить 9 19
цепить 9
леч 9
цепь 9 24 46
чит 9
тяжёлый 10 39
новгород 10
согласиться 10 60 89
скрываться 10 50
пинк 10
животик 10 17 43
измениться 10
убивать 10 23 87 92 93
нежный 10
поставить 10 97
пау 10 24 33
чувствовать 10 12 13 14 26 29 31 42 47 56 61 66 78 79 82 89 93
шрам 10 39 70 98
пш 10
помнить 10 16 17 27 38 49 60 82
дело 10 35 50 58 95
пара 10 19 30 56 87 88
заметить 10 30 50 55 69
оптом 10
упоминание 10
прошмоукать 10
фух 10 36
лезвие 10 95
рассказать 10 16 30 32 56 65 68 99
поджечь 10 76
разлетаться 10 96
достигнуть 10 49
принести 10
бро 10 17
любой 10 29
гря 10
грубый 10
вывозить 10
фанатеть 10
магия 10 36 70 84
стрельнуть 10 64
флойда 10
вмиг 10
октябрь 10 29 33 51 67 74 90 97
узнаваемость 10
огонь 10 13 27 45 46 70 91 93 95
коллаборация 10
прежний 10
брать 10 19 24 36 46 85
сотня 10
кровь 10 28 32 34 41 44 61 70 71 72 79 88 96 98
развыёбываться 10
турить 10
доктор 10 40
последний 10 12 27 51 57 70 74 90
шанс 10 51 57 78 100
фрешмена 10
взрыв 10
искренность 10
устроить 10 52 60 66
больший 10 22 33 91
лайк 10
влияние 10
просить 10 18 25 28 29 31 56 60 62 63 74 87 89
поддержка 10
мысль 10 29 38 39 45 50 56 59 69 70 81 92 96
насколько 10
фитиль 10 70
забывать 10 12 13 25 30 35 70
приходить 10
откачать 10
сводить 10 18
педофил 10
дебютный 10
ссора 10
соизмеримый 10
ментальный 10
респект 10
буста 10
крик 10 46 70
профит 10
обещать 10 17 68 97
малый 10 23
суть 10
состояться 10
здоровье 10
скачать 10 40
драйвер 10
кипеть 10 27 70
вода 10 12 28 46 47 49 61 70 76 81 96
убитый 10 43
толпа 10 18
убиваться 10 18
тупик 10
баста 10
мнение 10 19 68
прийти 10 35 52 68 70
бывший 10 14 25
подтягивать 10
сэкономить 10
ничего 10 50 65 68 81
инет 10
разбогатеть 10
успех 10
позлить 10
одиноко 10 87
робот 10 58 70
широта 10
нижний 10
легенда 10
мороз 10 19 70
фара 10
интервью 10 25
малышок 10
ставить 10 68
бэйбить 10 36 69 84 95
случай 10 29
ум 10 17 18 22 41 44 46 53 61 66 69 76
фобия 11
навечно 11 14 47 54 55 64 87
праздник 11 96
себя 11 49 85 88 92
сладкий 11 14 50 54 55 60 61 64 87
кайф 11 61 78
упасть 11 14 25 35 50 54 55 62 64 82 87 97
собачий 11 61
патрон 11
ненавидеть 11 14 23 34 41 54 55 64 77 87 89
вспоминать 11 16 25 60 96
звезда 11 14 35 36 54 55 62 64 66 84 86 87 91
роль 11 52 62 95
социофоб 11
испортить 11
воспоминание 11 14 54 55 64 87
гадать 11
знай 11 57 80
звать 11 16 17 50 55 60 80 95
сбежать 11 14 54 55 64 87
зна 11 35
десятый 11 86
сто 11 49 86
застрелить 11
пластиковый 11 14 54 55 64 87
хватить 11 35 59 66 67 80 93 94 97
мировой 11 20 43 68
икать 11 35
аквариум 11 14 54 55 64 87
ая 11 35
зая 11 13 35
дурачить 11
зализать 11
загадать 11 35
икарус 11
порядок 11 14 54 55 64 87
таблетка 12 14 51 56 74 87 90
засыпать 12 29 41 56 72 92
принять 12 83 89
замыкание 12
короткий 12 40
эффект 12
пк 12 16 20 26 47 57 76 77 99
ванная 12 36 47
вставать 12 16 20 26 30 34 39 47 57 76 77 99
ах 12 16 20 26 36 39 47 51 53 57 63 66 76 77 99
мокрый 12
тело 12 23 57 58 73 76 82 99
вместе 12 29 42 89
закрывать 12 61
шорты 12 16 20 26 47 57 76 77 99
артист 12 16 20 25 26 30 47 57 61 68 69 76 77 82 87 98 99
бэст 12 16 20 26 47 57 76 77 99
сэккс 12 16 20 26 47 57 76 77 99
лицо 12 13 17 28 44 45 58 70 73 76 97
эго 12
кричать 12 45 46 57 65 68 100
лав 12 16 20 26 47 57 76 77 83 99
мозг 12 21 27 45 49 59 82 92 100
я 12 13 15 16 18 19 20 25 26 30 33 34 37 46 47 48 50 53 57 61 62 66 67 69 70 76 77 84 87 89 91 97 98 99
фрэндс 12 16 20 26 47 57 76 77 99
ловить 12 16 18 20 26 46 47 57 63 67 76 77 78 99
бортик 12
сеть 12 16 18 20 21 26 42 43 46 47 50 57 63 65 76 77 90 91 94 99
безудержный 12
трястись 12
равно 12 16 20 24 26 47 57 76 77 78 89 99
двусторонний 12
эйфория 12
прыгать 12 28 66 83
отдыхать 12 61
танец 12
многие 12 68 69
обнять 12 82
осознание 12
поверь 13 50 66
тянка 13
печаль 13
улететь 13 36 94 96
бросать 13 31
семья 13 19 24 45 62
прежде 13 66 97
дискорд 13 40
дурак 13 80
склеить 13
сдаться 13
магнит 13
зажечь 13
замёрзнуть 13 87
тянуть 13 78 89 92 93
приехать 13 19 69
ответ 13 18 32 68 96
вновь 13 29 70 95 96
спасти 13 53 97
звонить 13 34 39 47 50 71 77 93 97 99
умереть 13 46 48 60 72
интернет 13 18 31 36 50 61 83 85 86 89 97
сразу 13 31 33 49 100
погубить 13
мертворождённый 13
несчастный 13
приобрести 13
который 13 14 18 20 26 30 32 34 39 42 46 56 57 58 62 68 69 74 82 86 87 95
наивный 13
пластырь 13
ыть 13 80
убегать 13 86 97
перестать 13 49 70 89
захотеть 13 57 81 97
понятно 13 49
виноватый 13 32 36 53 71 78 97
понимать 14 17 18 20 23 26 27 44 46 56 65 81 88 92 93 99 100
всякий 14 17
плыть 14 31 50
инструментал 14
влететь 14
он 14 16 19 56 60 84 96
тепло 14 29 57 59 69
май 14 56 91 96
укусить 14
потерять 14 16 18 26 31 70 96 100
ярко 14
убежать 14 27 45 46 55 59 61 100
кстати 14 48 61
внимание 14 23 56 58 59 81 92
подышать 14 81
выраженный 14
трезвый 14
стекло 14 88
кузнецов 14
вывести 14
крючок 14
сложность 14
разбить 14 67 93 97
получаться 14
кинуть 14 42 97
спасать 14 53 89 97
бороздить 14
юзать 14 30
скучать 14 26
редко 14
скорость 14 38 89
чудо 14 17 54 96
пустить 14 70
терь 14
бенгера 14
общий 14 53
выпустить 14 30 71
хватать 14
девушка 14 25 58 73 82
взять 14 15 17 32 33 42 43 46 49 53 68 69 78 89 95 99
чу 14 32 39 46
врезаться 14
рыба 14
громкий 14
глядеть 14
нюх 15
облом 15
обожать 15 18 60
ля 15 21
ужасный 15
нюхать 15
р 15 19 36 88
тюмень 15
богатый 15 17
беброчко 15
чёрт 15
бебра 15
изначально 15 52 68
ячмень 15
пенить 15
разлучить 15
тень 15 22 45 57
бизнесмен 15
дуб 15
пиздатый 15
рамный 15
крыса 15 50
кэш 15 49
спортсмен 15
выложить 15 19 30 51 56 68 89 97
шикарный 15 25
запах 15 22 52 55 56 59 81 82 92
дружить 16
сомнение 16
вибратор 16
разлюбить 16
спать 16 21 25 27 39 41 46 49 54 58 60 68 81 86 91
долго 16 21 40 49 52 63 66 68 74
наш 16 17 19 25 26 31 32 49 63 72 80
событие 16
игрушка 16 34 67 69 77 84
хороший 16 33 63 67 71 90
этап 16
устоева 16
заниматься 16
подружка 16 67
долгий 16
вечер 16 58 68
подумать 16 39 46 50 68
важный 16 36 65 84
среди 16 18 30 32 46 47 57 63 76 99
напоминать 16
пытаться 16 25 82 86 93
оставить 16 23 34 68 89 100
мечтать 16 23 52 60 80 83 95
магазин 16 28 30
однажды 16
двойственный 16
получать 16
обычно 16 50 73 81 83 99
встреча 16 26 51 74 76 90
изменять 16 23
атмосфера 16
сесть 16 51 55
отрицание 16
вроде 16 25 37 52 68
близкий 16 30 34 46 47 50 73 77 87 99
ощущение 16
поздний 16 61 68 81
подушка 16 39
лола 16
слезть 16 61
распаковка 16
начинаться 16 26
купить 16 17 23 35 59 60 74 78 97
дырка 17 35
чел 17 68
покушать 17
чёлка 17
мужик 17
миксовать 17
наливать 17 44 60
голубой 17
киска 17 84
стик 17
папик 17 60
водичка 17
обходить 17
поджигать 17
банда 17
краш 17
зато 17
часы 17 49 56
дротик 17
мицелярка 17
отец 17 90 97
мэри 17
съебаться 17
лить 17 46
платье 17 60 95
живот 17 48 56 87 90
гладить 17
хвататета 17
тапка 17
ебу 17 52
маленький 17 52 60 61 66 83 86 89 91 99
детка 17 22 27 32 34 50 52 75 77 78 83 84
малышка 17 34 69
пушка 17
встать 17 39 97
пуля 17 34 77
удаль 17 72
палить 17 35 44 56 73 81
рано 17
бабка 17 19 33 74
утащить 17
родинка 17
нету 17 33 37 61 68 78 87 100
голый 17 34 77
реальный 17 31
выебал 17
менять 17 69
некрасиво 17
минута 17 45 48 80 93
джина 17
тупо 17
яркий 17 52 60 66 83 86 96 99
пробить 17
вдуть 17
котёнок 17
вскоре 17
поменять 17 78
банк 17 21 24 25 33 44
вообще 17 52 68 70 97
попросить 17
фа 17 19 43
уйти 17 23 29 31 34 40 41 68 100
красить 17
платёж 17
ротик 17 43 63
снежинка 17 49
сунуть 17
вряд 17
подносить 17
флоу 17 50
слушать 17 20 22 66 68 81
ёбаный 17 53 68 92
ф 17 31 69
тт 17
кх 17 86
грязный 17 33
дуть 17
папа 17 33 49 60 90
легендарный 17
уродина 17
петь 17
пф 17 69
хаслить 17
вау 17 49 58 60 71
воу 17 61 78
к 17 21 31 46 49 56 64 65 92 97
додикий 17
мульт 17
мусор 17 33
двадцать 17 56
подруга 17 20 30 40 42 46 80
фант 17
точка 17
крыть 17
течь 17 42
насувал 17
вылезти 17
ру 17 86
оплатить 17 60
корзина 17
пиздить 17 19 42
полночь 17 52
ноготь 17
ранний 17 26 27 29 38 93
лесбух 17
аборт 17
внимательный 17
забитый 17 39
мак 17 97
мутить 17
купюра 17
ляпка 17
анхолдеть 17
олень 17
подружиться 17
клей 17
сойти 17 41 61 76
ебать 17 88
новенький 17
неверленд 17
билли 17
врач 17
травка 17
биониклый 17
рифма 17
легально 17
слабо 17
ребёнок 17 30 33 51 69 90 91
кха 17
афродита 17
неправда 18
остыть 18 97
доживать 18
ответить 18 78 89 98
наступить 18 72
тоска 18 69
старание 18
долбаный 18
истина 18
стараться 18 29 76
обман 18
океа 18
добавить 18 20
разом 18 19
ас 18
пропасть 18 22 26 33 42 51 72 78 80 90 96
завтра 18 56 80
исполнять 18
поддаваться 18
отвечать 18
лунный 18 22
помочь 18 21 43 64 76 97
казаться 18 31 35 38 53 59 61
свет 18 31 36 45 82 90
алмаз 18 75
дозвониться 18
звонок 18 29
уголёк 18
убийство 18
улыбаться 18 65 85 92 94 95
память 18 29 72
власть 18
пепел 18 68 87
надеяться 18 46 56 69
молчать 18 19 27 32 83
сейч 18
тизер 19 56 86
потап 19
гореть 19 22 40 61 80 82
час 19 68 78
настя 19
макинтош 19
часто 19 34 77 86
вечный 19 47
онли 19
поднимать 19
дата 19 61 68
престиж 19
представить 19 57 61 67 83 85
счастливый 19 82 88
засунуть 19 29 70
группа 19 56 61 66 68 97
автор 19 68
печень 19
шоколадка 19
портфолио 19
жоас 19
ужалить 19
зелёный 19 72
правда 19 69 89
выбор 19
ожидать 19 96
калечить 19
назвать 19 36
мкад 19
рассуждать 19 42
полнеть 19
кад 19
глубокий 19
дипси 19
бар 19
фистинг 19
пр 19 44 88
висеть 19
оно 19 35
ребро 19
подвал 19
бит 19 30
инстинкт 19
крутить 19 49
миксер 19
смешной 19
бр 19
налом 19
сонный 19
лезть 19 50 60
бизнес 19 66
косячок 19
превратить 19
хуесоса 19
дикси 19
известно 19
хлам 19 30
описывать 20 26 87
трахаться 20 34 52
начинать 20 47 49 70 89
главный 20 52 78 80
ключик 20
громко 20 57
буква 20
возникнуть 20
школьный 20 61
интенсив 20
приятно 20 28
использовать 20 69 86
герой 20
пик 20
замереть 20
схожий 20
интерес 20 30
дуо 20
избавить 21 96
залечить 21
кукла 21 84
ба 21
наз 21 96
лядь 21
ку 21 84
ложь 21 27
коннектить 21
ить 21 52 66
ма 21 28 52 70 98
фейк 21 29 44 45 74 85
кей 21
жи 21
ил 21 67
свернуть 21
подзаря 21
дым 21 29 41 43 44 45 46 49 50 52 69 91
хочуспать 21 39 50
рисковать 21 24
уби 21
хилка 21 44 45 85
карман 21 34 50 74 77 95
ря 21 64
подзаряд 21
ряд 21
нуждаться 21
тысяча 21 29 30 44 45 62 66 85 97 98
малыш 21 78 88
ад 21
семнадцатый 21 44 45 85
пароль 21
сфотографировать 21 44 45 85
зависть 22
тьма 22 41 65
свесить 22
нырять 22
атом 22
гол 22
пнуть 22
молекула 22
кропать 22
аллигатор 22
довериться 22
заценить 22 84
бандит 22
орбита 22
метель 22 89
оппа 22
радость 22 83
сделка 22
гордость 22
дерьмо 22 33 34 77
парить 22 27
спаситель 22
баланс 22
хиросима 22
иллюминатор 22
док 22
чутьё 22
ничья 22
сидеть 22 35 38 39 62 73 81
расщепить 22
фладда 22
брокколи 22
тишина 22 43 48 83
кратер 22
совесть 22
привлечь 23
записка 23
поцелуй 23 64 75
йо 23
сие 23 28
ейн 23
ксива 23 28
отражение 23 34 46
обратно 23 28 95
заскамил 23 28 74
сбыться 23 25 35
наушник 23
ск 23 51 74 90
дре 23
мечта 23 29 49 87 95
далёкий 23 27 29 50 70 89 96
отказать 23
столько 23 34 38 46 50 76 77 89
хапать 23
отравлять 23 48
дорогой 23 33 34 60 77 84
растворяться 23
зипхудить 23
плохой 23 28 29 33 42 51 70 74 87 90 92
зацепить 23
обычный 23 50
далее 23 96
сначала 23 82
почерк 23
попытка 23
антикобыла 23 28
обнимания 23
надеть 23 58 60 73
ошибка 23
кобыла 23 28
ухо 23 100
проклятый 23
лужа 23
затыкать 23
сзади 23 42 50
зайти 23 28 40 50
правильно 24
хейтить 24
микро 24
волновать 24 27 51
выбросить 24
экран 24 30 83
свэг 24 84
воровать 24 66
встречаться 24
ломать 24 78
ра 24
бороться 24
темнота 24 32 54 56 79 90 95
счёт 24
кр 24
одиночество 25
фигура 25
зарядка 25 47
вперёд 25 58
вампирский 25
жарко 25
обещание 25 30 67
сволочь 25
энергетика 25
сверху 25
ценить 25
утро 25 30 36 42 44 49 55 68 69 82
луноход 25
проиграть 25
циклично 25
крыло 25 26 69
аф 25
довольный 25
замок 25 33 51 74 90
мышка 25
злиться 25 27 46 60 67 89 100
меняться 25 70
занятой 25
полгода 25
басс 25 31
отвязаться 25
повториться 25
посвятить 25 30 37
ангел 25
летучий 25
окно 25 33 73
бежать 25 37 55 70 81
уф 25
хотя 25 29 40 68 87
кислота 25
вчера 25 82
задеть 25 65
сообщение 25 96
солнышко 25
назад 25 27 70
коннект 26
знакомый 26 31 34 48 55 77 82
тобо 26
запретный 26
ой 26 48 74 92
общение 26 82
лес 26
заблудиться 26 99
ю 26 46
собирать 26 91
конец 26 29 70 72 89
принятие 26
появляться 26
поговорить 26 87
мысленный 26
истерик 26
спасть 26 39 95
ать 26 30 80
образ 26 61 95
возможность 26 82
обрезать 26
невозможный 26
недоверие 26
плод 26
контакт 26
оставль 26
спальня 26 56 72 81
яй 26 88
кусочек 26
видимо 26
изнутри 27 41
отключать 27
держать 27 41 43 67 97
ишь 27 46
миг 27 80
тонуть 27 69 89 97
жалеть 27
сжигать 27 41
посылать 27 66 91
заблокировать 27
соврать 27 29 89
ри 27
погодить 27 56
льзить 27
выбрать 27 48
гла 27 46
аз 27 46
разбивать 27
игнора 27
блядь 28 35 39 56 60 68 85
панча 28
кубик 28
мокасин 28
намёк 28 99
тащить 28
тра 28
фирма 28
панч 28 84
трахнуть 28 78
палка 28
опускать 28
хайперскок 28
верхом 28
пмс 28
трахать 28
бедро 28
копа 28
дпс 28
банча 28
пресс 28
схапать 28
хач 28
тяжело 28
чёрный 28 39 40 53 74 83
трава 28
ы 28 31 80
возможно 29 48
дверь 29 82 94
б 29 42 51 57 67 68 73 74 84 90 95
утопать 29 93 96
проходить 29
потеряться 29 33 45 58 70 74 89 90
заливать 29
студия 29 46
шестьсот 29
создаваться 29 56
стук 29
ала 29
залить 29
намного 29 79
ехать 29 44 61
быстро 29 33 44 72
иск 29
дропнуть 29
бесить 29 69
причинять 29
ток 29
залететь 29
логин 29
тик 29
месяц 29 34 50 67 77 97
нерв 29 39
заменять 29
исход 29
январь 29 68
трафик 29
прийтись 29 32 37 53
охват 29
фальшь 29
набирать 29 36 61
бег 29 42 94
посещать 29 76
нахуй 29 39 56 59 66 85 86 97
засниппетить 29
математик 30
переживать 30
рамка 30 58
рейв 30 61 68
обижать 30 55
бог 30 36
составлять 30
спа 30
вставка 30
план 30 36 78 91
история 30 58 77 89 97
страдать 30 62 68
сентябрь 30 86 97
тур 30 88
проснуться 30 45 51 56 59 68 74 81 90 96
волк 30
выступление 30 47
ух 30
многогранный 30
понравиться 30 57 58 68
хмуриться 30
х 30
фэс 30
туфля 30 60
кухня 30
проводить 30
николай 30
одежда 30 74
имя 30 37 40 85 86
август 30 86
детски 30
звучание 30
большой 30 51 74
владимир 30 43
разочароваться 30
мелодичный 30
манташов 30
улица 30 41 63
прокурить 30 81
исполнитель 30 39 51 87
ага 30 58 82 86
грядущий 30 51
потрепать 30
масса 30
донат 30
современный 30
кабак 30
ночью 30 39 52 54 69 71
первокурсница 30
создание 30 95
баночка 30
сушить 30
сниппеть 30 51 56 61 67 68 86 91
получиться 30 68
текстовка 30
скорый 30 59
слушатель 30 68 97
чистый 30 43 50
гулять 30 55 63
присутствовать 30
также 30 56 73
интересный 30 56
маяться 30
лида 30 61
заинтересовать 30
значок 30
рубль 30 43 74 75 97
достаточно 30
ай 30 59 63
разный 30 38 58
следующий 30 69
падать 30 35 69
омск 30
люберцы 30
продюсер 30
драма 30 32
дурочка 30
окурочки 30
вконтакте 30 61
коля 30
карьера 30
пить 30 32 63 64 66
пепельница 30
печальный 30
некий 30
выдержанный 30
барин 30
связанный 30
знание 30
пост 30 56 61 71 97 98
уничтожительный 30
эт 30
хитовый 30
подогреть 30
туса 30
стадионный 30
сумка 30 84
танцевать 30
зрачок 30
горлышко 30
сообщить 30
подробный 30
вокальный 30
лиза 30 58
зря 31
погаснуть 31
прощение 31
недоступный 31 36 40
фенди 31
вырывать 31
хоть 31
отличный 31
телефон 31 36 37 47 85
сно 31
кома 31
вид 31 35 42 99
вырвать 31
легко 31
гда 31
триллер 32
неинтересный 32 38
привыкнуть 32
алый 32
имидж 32
занавеситься 32
заполучить 32
свеча 32 63
зажечься 32
обменять 32
исчезнуть 32 78
странный 32 47 59 63
белые 32 34 77
фокус 32
видать 32
полоса 32 39 52 53 72 87
ночной 32
летать 32 46 49 50 54 64 85 89 91 97
паспортный 32
касаться 32 42
внешне 32
письмо 32
штора 32
земля 32 52 63 80 91
предок 32 98
хриплый 32
прибор 32
дымный 32
древний 32
бояться 32 35 50 65 80 83 92
облако 32 45 46 51 55 64 70 90 91
вопрос 32 33 71
тонус 32
метр 32
чш 32
старый 32 54 60 69
кровотечение 32
еда 33 74 84
вено 33 40 63
тупой 33 43
клуб 33 84
следить 33
уиу 33
ларан 33
экзамен 33
шлюха 33 42 90
машина 33 59 74
подняться 33 49 65
роддом 33
каблук 33 58
расстаться 33 98
охрана 33
работать 33 51 85
уи 33
хейтеры 33
поебать 33 97
переехать 33
ху 33 42 65 74 90
дорога 33 44 53 82 83 87
решать 33 58
чемодан 33 91
булка 33
обувь 33
переходить 33
базарить 33 66
мазать 33
ночь 33 39 49 70 76 78 82 90
значить 33
фантом 33
задача 33
ахуеть 33
заплатить 33
красава 33
газ 33
шалавый 33
каспер 33
хм 33 48
сан 33
диана 33
рнб 33
наскамил 33
платина 33
класс 33 60
бригада 33
классный 33
врать 33 67 89
алименты 33
генг 33
платить 33
юрист 33
картина 34 77
навык 34
февраль 34 47 68 77 89 96
наложение 34
посинеть 34
закатать 34 77
ё 34 77 94
оттуда 34 77
уметь 34 69 83
зависимость 34
главное 34
выносить 34 77 100
канал 34 42 47 56 69
мобила 34 77
халат 34
мимо 34 38 45 69 77
грязно 34 77
вещество 34
одетый 34 77
нить 34 77
долой 34
вскрывать 34 77
набор 34
манекен 34 77
мило 34 77 97
квартира 34 76 77
гораздо 34
вверх 34 49
сопряжение 34
снять 34 58 60 76
вызывать 34 44
посильный 34
незачем 34 77 82
живой 34 49 95
юный 34 77
соскучиться 35
наркотэ 35
комп 35
кот 35 36 53 86
вылезать 35 54
занятый 35 36 50 68
хва 35 80
вечером 35
находиться 35 68 89
вечно 35 52 53
кино 35 80
энергетик 35
чипсы 35
утром 35
милый 35 38 60
третий 35
котэ 35
школа 35 36 58 84
онгоинга 35
аванс 35
покурить 35 56
килограмм 35
сотка 35 82
стоп 35 49
иначе 35 57
лечь 36
дурь 36
фиолетовый 36
суперпоросёнок 36 84
похрюкать 36 84
курс 36 49 84
присылать 36
открытие 36 84
объявление 36 84
липучка 36
братик 36 49 84
завернуть 36
пыль 36
шипучка 36
космический 36 84
плед 36
лагерь 36 84
ушко 36
пиз 36
прилипнуть 36
погасить 36
мурчать 36 40
высокий 36 65 84
дельтаплан 36
хикк 36
туповатый 36
интимка 36 84
мэйбить 36 84 95
андрей 36 84
беларусь 36 84 95
зайка 36
закрытие 36 84
цок 36 84
весна 36 69
дакимакур 36 84
мр 36
постель 36 60 89
интроверт 36
загон 36
повторяться 36
наруто 36
хи 36 90
кисун 36
неполадка 36 84
мэйбилэнд 36 84
чернышёв 36 84
кружок 36
фу 36
нигде 36 94
листать 36
пудра 36
пригласить 36 84
лоликон 36 84
толчок 36
повторять 36
щека 36
технический 36 84
фея 36 84
смывать 36
куча 36
диван 36
вспомнить 37 70 80 82
рюкзак 37
заставлять 37 79
форма 37
мицуха 37
ложиться 37 39 43
переписка 37
просыпаться 37 96
пейзаж 37
сумерки 37
нолик 37 62
возле 37
паразит 37
понарошку 38
улёт 38
полетать 38 56 91
сожаление 38 68
улыбка 38
гость 38
прошлый 38 47
прикоснуться 38
ида 38 52
еть 38
ечь 38
взрослый 38 60 87 97
наверное 38 56
мыслить 38
осторожно 38
нихуй 39 56 59 64
пора 39 56 74 99
тетрадь 39
достать 39 48 85 91 96
сей 39 56 99
закрыться 39
полежать 39
раскрыться 39
звучать 39 91
перебить 39
агха 39
разрешить 39
саня 39
родиться 39
замучить 39
рудольф 39
рабочий 39
тратить 39
дисса 39
битый 39 74
католик 40
мёртвый 40 98
схожесть 40
протестант 40
поход 40 92 97
перегаснуть 40
бесконечный 40 88
удалять 40 71
кидать 40
урок 40
юбка 40
вовсе 40 80 96
контур 40
уродка 40
вена 40
комната 40 50 57 69 92
горе 40 68
вк 40 56 97
абонент 40 55
уй 40
эскорт 40
пазл 40 48
собрать 40 48 89
глотка 40 90
колготки 40
сетчатый 40
кофта 40 55
панцирь 40
съесть 40 42 55 67 90
верно 40
беспокоить 40
стан 40
молли 40
шмотки 41 44
двоичный 41
код 41 58 83
создать 41 89
удалить 41
дятел 42
выгнать 42
девка 42
психолог 42
шасси 42
кроме 42 50 69
курнуть 42
раствориться 42
вниз 42 50
фраза 42 89
долбить 42
спускаться 42
укр 42
видеоролик 42
степанов 42
какой 42 56 68
ребёночек 42
максимум 42
дантист 42
внизу 42
принадлежать 42
обсуждать 42
уют 42
призрак 42
измена 42
касание 42
опыт 42
хе 42
опытный 42
оффсный 42
хоч 42
снизу 42
докасаться 42
обмануть 42 69
вероника 42
уэй 42
редкий 42 73
мыльников 43
соска 43
бодипозитив 43
флюорография 43
посетить 43
макуха 43
тугельбай 43
эйдман 43
кузьмин 43
рубин 43
вдох 43
рём 43
крошиться 43
дима 43
арсений 43
поляк 43
медник 43
дмитрий 43
алишер 43
поплавский 43
бондарев 43
антифриз 43
плацкарта 43
алий 43
руслан 43 71
неа 43
егор 43 89 97
никита 43 56 58
круглый 43
давочко 43
бандаж 43
косаева 43
кроссик 43
золотарёв 43
дельфин 43
аквадискотека 43
леонид 43
полумягкий 43
нуль 43 82
анна 43
затихнуть 43
грубить 43
снупчик 43
сергей 43
ликонтина 43
касторский 43
останкино 43
ритм 43
александр 43
чехарда 43
дуйсенбий 43
константин 43
трим 43
стоять 43
захар 43
кожа 43 58 63 78
зяббаров 43
бабаевский 43
алекс 43
пушкарёв 43
проц 43
валентин 43
масейкин 43
асхат 43
грация 43
рудич 43
максим 43
камил 43
трапезник 43
заставить 43 68 79
дебаты 43
гаврил 43
зажигалка 43
иванов 43
гущин 43
филипп 43
рэй 44
порше 44
буэ 44
высоко 44 49 50 58 85 91 97
дёргать 44
ебало 44
мартин 44
пидор 44
ура 44
наряд 44
жажда 44
стрёмный 44 85
проблеваться 44
вечность 44
сходить 44 46 53
зависнуть 44 78
сжечь 44
въебиться 44
юбчонка 44
заебал 44
газировка 44
утолять 44
такси 44
вонять 44
недовольный 44
беда 44 88
тусовка 44 71
слышь 44
водка 44
перепрятать 44
гаситься 44
обжигать 44
балкон 44 56 59 81 92
сдёрнуть 44
происходить 44 68
разбежаться 44
лёгкий 44 57
кореш 44
коридор 44
душить 45 70
подъезд 45
остановиться 45
забивать 45
сходиться 45
пелена 45
справиться 45 83
шагать 45 95
подделать 45
тревога 45 56 59
след 45 78 93
мелодия 45
псих 46
поним 46
гидрант 46
бя 46
втра 46
ювелирка 46
силуэт 46
накурить 46
зад 46 51 84
залипать 46
выпить 46 92
замечать 46 48
формат 46 58
влю 46
музыкант 46 68
густой 46
гринч 46
монтаж 46
ак 46 53 80
айфон 46 60
закрой 46
злой 46
открывать 46
становиться 46 63
ювелирный 46
клим 46
рай 46 59
персонаж 46
откр 46
денёк 46
депутат 46
блён 46
выкинуть 47
вживую 47
бесплатный 47
метроном 47
переустановить 47
холодно 47 48 89
пообещать 47
мел 47 58
суперспособность 47
прописать 47
фаббер 47
апатия 47 96
ноябрь 47
страшно 47 63
беспроводный 47
лыжа 47
поиск 47
лишний 47
тюбик 47
исполняться 47
скучно 47 56 59 71 81 92
наверно 47
объект 47
ударный 47
поглощать 47
высота 47
приближаться 47
заменить 47 83
точнее 47
пульс 47 61
телепорт 47
состояние 47
шампунь 47
обвести 47
тимати 47
эмоция 48
смс 48
деталь 48
скукота 48
лейн 48 80
никак 48 62 94 98
бабочка 48
позвонить 48 58 80
закопать 48
мьют 48
рад 48
чуять 48 87
потеплеть 48
одеваться 48
неверно 48 80
ве 48
незнакомый 48
характер 48
простой 48 66 85
бессердечный 48
испугать 48
эксперимент 48 80
мила 48
чупс 48
сложный 48 93
спятить 48 87
чупа 48
доджить 48
сироп 49
катафалк 49
стартовать 49
усыпать 49
расти 49
ствол 49
желудок 49
кнопка 49
троп 49
лёгкое 49 50
худить 49
разбудить 49 87
откусить 49
кросс 49 96
повысить 49
вальс 49
разрушить 49
застынуть 49
кусок 49 95
метро 49
повсюду 49
двойной 49
сниться 49 57
ставка 49
стирка 49
пролить 49
тёмный 49 52 95
бумага 49 76 100
джинсы 49
жирный 49
старт 49
произойти 49 89
истратить 49
водопад 49
прыгнуть 49 90
коса 49 88
заполнять 49
попробовать 49 68
тара 50
красться 50
слишком 50 67
спросить 50
виртуальный 50
снимать 50 60
вор 50 51
меланхолия 50
сыр 50
толкать 50
хранить 50
украсть 50 74
трус 50 60 73
хамелеон 50
наркоз 50
целый 50 58 60 81 89 97
сюрприз 50
идеально 50
крем 50
приносить 50
картон 50
ниоткуда 50 95
сливаться 50
впереди 50 58
шпион 50
лис 50
портал 50 79
сла 50
макать 50
музыка 50 68 97
пожар 50
сплиф 50
соус 50
погружение 50
мягкий 50
показание 50
появиться 50 97
враньё 50
своровать 51
поц 51 74 90
март 51 56 68 87
пустышка 51 74 90
въехать 51
акула 51 74 87 90
предположить 51
занах 51
июль 51 61 82
бум 51
сказка 51 74 90
фак 51 74 90
войти 51
тайный 51 74 90
садиться 51 84
низ 51 73 99
мокнуть 51
красть 51
фэйк 51 74 90
мо 51 59
гараж 51
позвать 51 64
замо 51
щеколда 51 74 90
грызть 51 74 90
есть 51
треклист 51
сломать 52 89 98
держаться 52 67
забирать 52 70 78 96
бездушный 52
соло 52
киборг 52
сортир 52
промый 52
народ 52
размещать 52
ик 52
дерево 52 53
элджей 52
выходка 52
порт 52
страница 52 67
безопасный 52
умирать 52 79 98
аэропорт 52
воскресать 52
обида 52 99
уборная 52
спектакль 52
инвалид 52
миллион 52
мрак 52
посадочный 52
встретить 52 95
прослушивание 52
торчать 52 63 74 78
грустный 52 83 95
подпустить 52
домой 53 86 92
застрять 53
поблагодарить 53
даня 53 68 86
перейти 53
барда 53
гора 53 75
блин 53 75
чокопать 54
доставать 54
светить 54 86
опасно 54 95
рок 54 58 59 81 86 92
монстр 54
фонарик 54
шарик 54
плюшевый 54
фонарь 54 86
слюни 54 57 74
соваться 54
ох 54
баффа 54
тя 54 64
оберегать 54
мишка 54
обитать 54 79
подойти 54 65 76
кинотеатр 55
посмотреть 55
униформа 55
заколка 55
табак 55
поезд 55 85
скрывать 55
временно 55
закат 55 88
догнать 55 66
попкорн 55
наверняка 55
ходить 55 68
мать 55 97
вскрыть 55
шляться 55
чувак 56
прикрепить 56
мальчик 56 84 95
ебал 56 81
валюнина 56
прикреплять 56
песочный 56 59 81 92
соль 56
телеграмма 56
литр 56 59 81 92
готовить 56
наркоть 56
скорее 56
л 56
го 56
апрель 56 61
пизда 56 59 61 81 86 87 92
будущий 56
коть 56
юди 56
уходить 56 68 78 87
ебучаять 56
пропустить 56 98
сигарета 56 59 72 81 92
уёбкома 56
помолчать 56 59 81 92
привыкать 56
скит 56
котик 56 59 61 81 92
повиснуть 56
выходить 56 61 63 74
заебали 56
процесс 56
севастьян 56
бардак 56 59 64 81 92
прошедшее 57
высохнуть 57
решить 57 67 68 70
зако 57
прямой 57 73
наполнять 57
пятно 57 86 91
рада 57
ет 57
эфирный 57
отключка 57
встретиться 57
тусить 57
простыня 57
отрава 57 63 82
привидение 57
эмоциональный 57
показывать 57 69 79
яма 57
закатиться 57
раздетый 57
ончить 57
очнуться 57
чей 57
вечеринка 57 83
опустошать 57
наоборот 57
почувствовать 57
переставать 58
детский 58 87
оказывать 58
рост 58
ярлык 58
тузик 58
иметь 58 95
значение 58
промокомпания 58
личный 58
изображение 58
слава 58
вильчинский 58
перенести 58 82
ботинок 58
пускай 58
бегать 58
робкий 58
переосмысление 58
достижение 58
хром 58
ниже 58
выше 58 85 89 97
жест 58
социальный 58
взросление 58
совместный 58 68 69
вспышка 58
параметр 58
статус 58
ровер 58
сцена 58 66 86
афиша 58
будущее 58 68
радикально 58
повествовать 58
протежения 58
билет 59
проса 59
спиздим 59
поёбиться 59
разъести 59
отсюда 59 96
броук 59
тачка 59
окошко 59
шина 59
выпивать 59 96
гнида 59
пое 59
мучить 59 98
заести 59
исполосот 59
бутылка 59
съебиться 59
въебаться 59
поебиться 59 64
паша 59
допить 59
двое 59
попить 59 64
выпрыгнуть 59
инст 59
сливать 59 85
мадам 60 80
старик 60
додик 60
часики 60
заря 60
ролекс 60
глазок 60
мальдивы 60
отель 60
отсосать 60 88
отсос 60
коктейль 60
кабель 60
отшельник 60
член 60
мадемуазель 60
сучок 60
мяу 60
вкус 60
правило 60 86
ус 60
зло 60
прям 60 70 75 85
подождать 60 87
повзрослеть 60 62
поиграть 60
конфетка 60
принцесса 60 65 84 94
лоб 60
лобик 60
острота 60
говно 60
крутой 60
дикий 61
сопровождаться 61 86 91
реальность 61
бэйс 61
оу 61 71 74 82
слэш 61
чердак 61
лупить 61
пусть 61 86
терять 61 66 87 93
восьмибитный 61
главклуб 61
намекать 61
разжигать 61
представлять 61
сгорать 61
туалет 61
обойти 61
частый 61 89
система 61
сторонка 61
дроп 61
остановить 61
кролик 62
семь 62
нора 62
девятьсот 62
корень 62
девяносто 62
ситтереть 62
восемьдесят 62
право 62
срубить 62
минус 62
дурить 62
девять 62 99
шапочка 62
семьдесят 62
сорить 62
воля 62
шестьдесят 62
трип 62 87
плюс 62
дрожать 63
одеяло 63 73
задувать 63
сырой 63
слякоть 63
стемнеть 63
траур 63
стесняться 64 81
клининга 64
вмазать 64
параллельный 64 98
кофе 64
чай 64
фе 64
лизер 64
блевать 64
витать 64
пороть 64
ебанный 64
ксэнни 65
бреда 65
мешать 65
запутаться 65 94
туман 65
служить 65
демон 65
токо 65
печать 65
развеять 65
орган 65
дабла 65
этаж 65
обезболить 66
напомнить 66
целоваться 66
лгать 66
кризис 66
интрига 66
дно 66
миссис 66
привязь 66
утолить 66
фанатка 66
видно 66
леди 66
тат 66
смело 66
рэпый 66
веко 66
опускаться 66
признаться 67
оценить 67
из 67
амин 67
подохнуть 67 100
поделиться 67 68
разгадать 67
исполнительница 67
крепко 67
против 67
ключ 67
похоть 67
проглотить 67
данил 68
отменить 68
головной 68
разрешение 68
принимать 68
конфликт 68
салют 68
доделаться 68
интересно 68
проект 68
российский 68
лак 68
вирус 68
клэп 68
подставить 68
договориться 68
вне 68 78 91 93
положительный 68
украина 68
дистрибьютор 68
сообщать 68
сведение 68
офис 68
краткий 68
короче 68
либо 68
уверенный 68
начать 68 69 87
приостановка 68
дописать 68
уровень 68
покрыть 68
итого 68
авторский 68
дан 68
вируситься 68
срок 68
мощь 68
музыкальный 68
сомневаться 68
бу 68
ситуация 68 82 87
отправить 68
солистка 68
объявить 68
итог 68 74
вдали 68 91
дизайн 68
выпускать 68
трогать 68
выкладывать 68
мощный 68
ремикс 68
утечка 68
собираться 68
интуитивный 68
доступный 68
мельком 68
лейбл 68
решение 68
договариваться 68
ольга 68
отменять 68 91
четверг 68
бочка 68
прекращать 68
использоваться 68
заявлять 68
учитывать 68
деятельность 68
предложить 68
пиздато 68
стадия 68
эхо 68
сэмпл 68
спрашивать 68
поработать 68
впоследствии 69
осенний 69 76
телеграм 69 91
потолок 69
извинить 69
зам 69
выставить 69
покупать 69
выполнить 69
облегчить 69
запись 69
нежно 69
ловва 69
полететь 69 90
замерзать 69
ваня 69
фетиш 69
пронестись 69
лям 69 88
одеть 69
расправить 69
бредить 69
чулочек 69
рыжий 69
темп 69
бонг 69
мастерство 69
тридцать 69
листва 69
кассета 69
расцвести 69
близнец 69
допустить 69
аполлон 69
н 69
сми 69
опубликовать 69 86 98
грустно 69
соцсеть 69 83
наглеть 69
сиповать 69
сосать 69 90
свести 69
неизданный 69
одновременно 69
обидеть 69
неправильно 69
занести 69
хайпертрэп 69
разбросать 69
гриша 69
конц 69
приоткрыть 70
словно 70 84 100
унести 70
астрал 70
тошнить 70
гоняться 70
тормоз 70
увезти 70
газовый 70
ранить 70
трудно 70
серьёзно 70 71
знак 70
стёртый 70
подсказать 70
прислать 70
искушение 70
никакой 70 93
хэй 71
текила 71
анонсировать 71
настоебать 71
мефа 71
джоинт 71
наделать 71
скотт 71
запястье 71
ушаков 71
возраст 71
массовка 71
вырезать 71
сорт 71
хоп 71
кроссовок 71 76
ален 71
супермаркет 71
хип 71
пилигрим 71
анонсироваться 71
гроб 71
спамить 72
отпустить 72 81
мутный 72
ванна 72
неделя 72
оставлять 72
дропнуться 72
убрать 72
розовый 72 73 95
положить 72
экземпляр 73
ладонь 73
оттенок 73
размер 73
бойфренд 73
ч 73
че 73 74
кайфовеять 73
лифчик 73 99
наебать 73
рэпер 74
мерседес 74
дрянь 74
катить 74
диссит 74
выёбываться 74
пачкать 74
тыс 74
читать 74
приведение 74
розетка 74
зелье 74
битмейкер 74
скамить 74
окей 74 90
скушать 74
скамятый 74
спродюсировать 74
мерс 74
прэ 74
тво 75
золото 75
невозможно 75
скучный 75
анаболик 75
климлордс 75
ничтожество 75
свободный 75
глупо 75 80
норма 75
прекрасный 75 95
разум 75
скруджа 75
страшный 75
бука 75
ваза 75
добби 75
скука 75
двигаться 75
скользь 76
убедить 76
очередной 76
капать 76
трепет 76
раздеться 76
волна 76
бескрайний 76
поха 76
татуировка 76
сохранить 76
пластмассовый 76
мыло 76
взаимный 76
коробка 76
запоминать 76
восемнадцать 77
игривый 77
настроение 77
азарт 77 99
пушер 78
повторимый 78
линия 78
потратить 78
пробовать 78
плаг 78
приз 78
шаг 78 95
привычка 78
джинс 78
слезать 78
село 78
мах 78
строка 78
упс 78
шип 78
трубка 78
зона 78 91 93
дарить 78
рить 78
зависимый 78
сок 79
человеческий 79
вещь 79
пойло 79
знакомиться 79
медленно 79
искусственный 79
благодаря 79
передоз 79
естественный 79
обед 79
взр 80
отпускать 80
шь 80
ыв 80
разрушиться 80
тошный 81
юзаесть 81
объебаться 81
ватный 81
ёбл 81
пусто 81
придурок 81
здорово 81
тусклый 82
неопределённость 82
взаимность 82
окружать 82 87
ползти 82
неуверенность 82
видеоработа 82
угол 82
луч 82
символизировать 82
диск 82
ого 82
спорткара 82
отупелый 82
учить 82 83
карандаш 82
пятница 82
вперемешку 82
доверять 82 87
точилка 82
копаться 82
недосказанность 82
единица 82
вчерашний 82
блестеть 82
перекручивать 82
метаться 82
суббота 82
пережить 82
электричество 83
поисковик 83
включать 83
потрогать 83
плазма 83
включить 83 86
ненадолго 83
загрузить 83 87
антивирусникнуть 83
коснуться 83
наизусть 83
пиксель 83
онлайн 83
ненастоящий 83
доказать 83
принцип 83
сервер 83
заявка 83
выучить 83
крупный 84
мулен 84
владислав 84
корпоратив 84
золотистый 84
вернуться 84 95 96
шпагат 84
бэтмобиль 84
сумма 84
хабар 84
горячий 84
надувать 84
пластика 84
лук 84
бритни 84
фэн 84
хоу 84
бимера 84
зависать 84 88
гетто 84
мэйбилишес 84
сума 84
аптека 84
нло 84 86 91
укурок 84
секта 84
триммер 84
добавлять 84
наколдовать 84
гром 84
хэлт 84
задом 84
олицетворение 84
филлер 84
глянуть 84
дриззь 84
рири 84
фиби 84
барби 84
рехаб 84
руж 84
залезать 84
евангелиона 84
хук 84
костюм 84
губка 84
заводить 84
мнить 84
дакимак 84
фура 84
би 84
вибрировать 84
твёркай 84
карамельный 84
цум 84
бойчик 84
скёлтый 84
ким 84
королева 84
наперёд 84
фри 85
сменить 85
покемон 85
ориентация 85
флешка 85
лом 85
выбрасывать 85
краситься 85
бездельник 85
гравитация 85
покебола 85
легендарка 85
рента 85
ценник 85
фристайл 85
беззвучный 85
флёша 85
лох 85
приветствие 86
перекрыть 86 91
шкушка 86
букет 86 91
неписаный 86
микрофон 86
заткнуть 86
личность 86 91
защищать 86
несерьёзный 86
разрешать 86
крепкий 86 91
приветствовать 86
планетарий 86 91
подкуриться 86
сквор 86 91
фильтр 86 97
расстройство 86 91
удивить 86 91
гласс 86
плечо 86
муа 86
кулиса 86
вытереть 86
элис 86
футболка 86 97
называться 86
мерзкий 86
угодить 86
биться 87
жизненный 87
космос 87 91
выкиня 87
открытый 87
следовать 87
приятель 87
постепенно 87
сбредить 87
неприятный 87
детство 87
вариант 87
пожирать 87
курение 87
побыть 87
море 87 88
техно 88
музло 88
татарский 88
бой 88
повезти 88 92
чи 88
блэйдраннэр 88
хардкор 88
монтана 88
охуенно 88
ленинградский 88
продать 88
серый 88
кровавый 88
айдол 88
токсичный 88
грузинский 88
мерч 88
сатана 88
адренохром 88
хентай 88
завтрак 88
взрывать 88
драгс 88
смазливый 88
бензиновый 88
оверсайза 88
хлой 88
грубо 89
незадолго 89 97
стандартный 89
жаль 89
заново 89
диалог 89 92
спасатель 89 97
натс 89 97
парус 89 97
крутиться 89
подбирать 89
предать 89
педаль 89
пахнуть 89
спасибо 89 97
твиттер 89
жать 89
прощать 89 97
душевный 89
глава 89 97
пиздеть 89
ахахи 89
слабак 89
участие 89
поцеловать 89 97
вес 89
скидывать 89
замечательный 89
синдром 89 97
душнить 89
аренби 89
называть 89
покорять 89
абьюзивный 89
путь 89 95
самолёт 90 100
гаснуть 90 95
верх 90 99
зверь 90
бесследно 90
лестница 90
щих 90
пузо 90
изя 90
табла 90
всунуть 90
пло 90
газманов 91
медведица 91
нормальный 91
раскачать 91
нереально 91
созвездие 91
вертушка 91
сигнал 91
гнать 91
молодёжь 91
заебало 91
выбирать 91
выкурить 92
залипнуть 92
ремесло 92
липнуть 92
тлеть 92
алло 92
факт 92
изменить 93
икс 93
лесть 93
враг 93
доступ 93
правый 93
ёт 94
заплакать 94
тихо 94
придача 94
идё 94
утопить 94
кроваво 95
никуда 95
режиссёр 95
помада 95
бомба 95
синкай 95
погода 95
пересекаться 95
синига 95
дитя 95
хина 95
атомный 95
искусать 95
покой 95
тоненький 95
медленный 95
крд 95
растоптать 95
фильм 95
художник 95
яга 95
небезопасный 95
синяк 95
вдохновляться 95
основа 95
японский 95
накрыть 95
макото 95
ходаки 95
разорвать 95
напрасно 95
скрыть 95
тетрадка 95
невнимательно 96
спичка 96
несчастие 96
дождик 96
монохромный 96
плевок 96
простуда 96
откашляться 96
отнести 97
младший 97
сотый 97
медвежий 97
ноздря 97
зай 97
вывод 97
сегодняшний 97
описание 97
заебут 97
плюнуть 97
приземлить 97
инстаграмм 97
гитара 97
ознакомиться 97
приблуд 97
раздел 97
дешёвенький 97
прочитать 97
вытирать 97
родитель 97
услуга 97
книга 97
борат 97
заиграться 97
качели 97
спасательный 97
пожалуй 97
фен 97
сгореть 97
снегопад 97
безумно 97
всерьёз 98
бнутаить 98
мебель 98
спиппеть 98
довозить 98
изрисовать 98
психиатр 98
вселенная 98
порез 98
ёбнутаить 98
исправить 98
ссылка 98
ят 99
аккуратно 99
уверенность 99
замкнуться 99
ше 99
флирт 99
продолжение 99
взаимно 99
заня 99
маник 99
обрести 100
питать 100
шум 100
ореол 100
лист 100
сложить 100
безопасность 100
толк 100
привлекать 100
ломка 100
плохо 100
таинственный 100
